6.590611934661865234e-01
6.822488903999328613e-01
6.801548004150390625e-01
6.887218952178955078e-01
6.662339568138122559e-01
6.599898934364318848e-01
6.805236935615539551e-01
6.830253601074218750e-01
6.847742795944213867e-01
6.864314675331115723e-01
6.888414621353149414e-01
6.810019612312316895e-01
6.951712965965270996e-01
6.912400126457214355e-01
7.077614068984985352e-01
7.013410925865173340e-01
7.059080600738525391e-01
7.224537134170532227e-01
7.200872898101806641e-01
7.005649209022521973e-01
7.042632102966308594e-01
7.248348593711853027e-01
7.379729747772216797e-01
7.329093217849731445e-01
7.344465851783752441e-01
7.317967414855957031e-01
7.140366435050964355e-01
7.433699369430541992e-01
7.651454806327819824e-01
7.875202894210815430e-01
7.915073037147521973e-01
7.860396504402160645e-01
7.841038703918457031e-01
8.032566905021667480e-01
8.085194826126098633e-01
8.329355120658874512e-01
8.368040919303894043e-01
8.758502602577209473e-01
8.505461812019348145e-01
8.868343830108642578e-01
8.867013454437255859e-01
9.150155782699584961e-01
9.257743358612060547e-01
9.293448925018310547e-01
9.481083154678344727e-01
9.649044275283813477e-01
9.826409220695495605e-01
9.986538290977478027e-01
1.013476729393005371e+00
1.018448829650878906e+00
1.044212579727172852e+00
1.082210421562194824e+00
1.096958756446838379e+00
1.105820178985595703e+00
1.129175782203674316e+00
1.169193983078002930e+00
1.195631265640258789e+00
1.241769671440124512e+00
1.276210188865661621e+00
1.321229577064514160e+00
1.291328549385070801e+00
1.278129577636718750e+00
1.284802913665771484e+00
1.260528802871704102e+00
1.254571318626403809e+00
1.242841124534606934e+00
1.211869001388549805e+00
1.212180733680725098e+00
1.217339277267456055e+00
1.204589486122131348e+00
1.193682074546813965e+00
1.194223761558532715e+00
1.161289215087890625e+00
1.169897437095642090e+00
1.164199471473693848e+00
1.163739800453186035e+00
1.155461311340332031e+00
1.176750540733337402e+00
1.147525072097778320e+00
1.149344444274902344e+00
1.141361594200134277e+00
1.125933766365051270e+00
1.133377671241760254e+00
1.134521245956420898e+00
1.121669530868530273e+00
1.115891456604003906e+00
1.135570883750915527e+00
1.133496284484863281e+00
1.106775879859924316e+00
1.115283250808715820e+00
1.119874000549316406e+00
1.096029281616210938e+00
1.109781861305236816e+00
1.128049612045288086e+00
1.121834516525268555e+00
1.131176829338073730e+00
1.128890037536621094e+00
1.140169620513916016e+00
1.115442872047424316e+00
1.125170707702636719e+00
1.139477252960205078e+00
1.146671652793884277e+00
1.153769016265869141e+00
1.157436966896057129e+00
1.151092171669006348e+00
1.186506748199462891e+00
1.160270810127258301e+00
1.169303536415100098e+00
1.166250348091125488e+00
1.193079948425292969e+00
1.189785838127136230e+00
1.215802073478698730e+00
1.185666561126708984e+00
1.216969728469848633e+00
1.203864336013793945e+00
1.242869734764099121e+00
1.262049794197082520e+00
1.260149717330932617e+00
1.262524962425231934e+00
1.280130505561828613e+00
1.298128008842468262e+00
1.322572588920593262e+00
1.308286309242248535e+00
1.321986436843872070e+00
1.361776113510131836e+00
1.363174080848693848e+00
1.394523978233337402e+00
1.381611824035644531e+00
1.435137510299682617e+00
1.453896045684814453e+00
1.455649256706237793e+00
1.489694118499755859e+00
1.520782709121704102e+00
1.539442777633666992e+00
1.581904530525207520e+00
1.585330605506896973e+00
1.606758832931518555e+00
1.671042919158935547e+00
1.686075091361999512e+00
1.703041315078735352e+00
1.742809057235717773e+00
1.789431452751159668e+00
1.836564898490905762e+00
1.882035970687866211e+00
1.909327626228332520e+00
1.956589698791503906e+00
2.020510435104370117e+00
2.082368373870849609e+00
2.134823799133300781e+00
2.205502748489379883e+00
2.255069494247436523e+00
2.330075263977050781e+00
2.409934759140014648e+00
2.507359504699707031e+00
2.591183900833129883e+00
2.650248289108276367e+00
2.790938377380371094e+00
2.926960229873657227e+00
3.010202169418334961e+00
3.176433324813842773e+00
3.327301025390625000e+00
inf
inf
inf
inf
inf
inf
inf
inf
inf
inf
inf
inf
inf
inf
inf
inf
inf
inf
inf
inf
inf
inf
inf
inf
inf
inf
inf
inf
inf
inf
inf
inf
inf
inf
inf
inf
inf
inf
inf
inf
inf
inf
inf
inf
inf
inf
inf
inf
3.392394542694091797e+00
3.342210769653320312e+00
3.376093864440917969e+00
3.379135370254516602e+00
3.412830114364624023e+00
3.425997734069824219e+00
3.453124761581420898e+00
3.454679012298583984e+00
3.480079889297485352e+00
inf
inf
inf
inf
inf
inf
inf
inf
inf
inf
inf
inf
inf
inf
inf
inf
inf
inf
inf
inf
inf
inf
inf
inf
inf
inf
inf
inf
inf
inf
inf
inf
inf
inf
3.481345891952514648e+00
3.466715574264526367e+00
3.446436405181884766e+00
3.432694435119628906e+00
3.429176807403564453e+00
3.418217182159423828e+00
3.403065443038940430e+00
3.399282932281494141e+00
3.373918771743774414e+00
3.371931791305541992e+00
3.363534450531005859e+00
3.347086429595947266e+00
3.357221603393554688e+00
3.358192443847656250e+00
3.357543706893920898e+00
3.336458921432495117e+00
3.335941076278686523e+00
3.344415426254272461e+00
3.326287746429443359e+00
3.340164422988891602e+00
3.331314563751220703e+00
3.330410480499267578e+00
3.339675426483154297e+00
3.351819992065429688e+00
3.366980791091918945e+00
3.365184783935546875e+00
3.361789941787719727e+00
3.396486520767211914e+00
3.389865636825561523e+00
3.339208364486694336e+00
3.079919576644897461e+00
2.872505903244018555e+00
2.659286022186279297e+00
2.504624128341674805e+00
2.350922107696533203e+00
2.236569881439208984e+00
2.122795104980468750e+00
2.015594244003295898e+00
1.911672592163085938e+00
1.837697625160217285e+00
1.746948599815368652e+00
1.666929006576538086e+00
1.642740845680236816e+00
1.562317013740539551e+00
1.484084367752075195e+00
1.437242865562438965e+00
1.421478748321533203e+00
1.372530698776245117e+00
1.346742272377014160e+00
1.301046252250671387e+00
1.247707486152648926e+00
1.221932888031005859e+00
1.181092619895935059e+00
1.151497483253479004e+00
1.126020193099975586e+00
1.114559650421142578e+00
1.057556033134460449e+00
1.060375571250915527e+00
1.034464001655578613e+00
1.033243417739868164e+00
9.878307580947875977e-01
9.708880782127380371e-01
9.652768373489379883e-01
9.390336871147155762e-01
9.317535161972045898e-01
9.141798019409179688e-01
8.810508251190185547e-01
8.786561489105224609e-01
8.709155917167663574e-01
8.653196692466735840e-01
8.740393519401550293e-01
8.331882357597351074e-01
8.406896591186523438e-01
8.163867592811584473e-01
8.089671730995178223e-01
7.975572943687438965e-01
7.813467383384704590e-01
7.972304224967956543e-01
7.674567103385925293e-01
7.589851021766662598e-01
7.591847181320190430e-01
7.551934719085693359e-01
7.495814561843872070e-01
7.568209171295166016e-01
7.445142269134521484e-01
7.237218022346496582e-01
7.098033428192138672e-01
7.328323721885681152e-01
7.111808657646179199e-01
6.940954923629760742e-01
6.975011229515075684e-01
7.008580565452575684e-01
6.888045668601989746e-01
6.919392347335815430e-01
7.002629637718200684e-01
6.730169653892517090e-01
7.014617919921875000e-01
6.926983594894409180e-01
6.671719551086425781e-01
6.772838234901428223e-01
6.998572349548339844e-01
6.675258874893188477e-01
6.785707473754882812e-01
6.754443645477294922e-01
6.731136441230773926e-01
6.701154112815856934e-01
6.676542758941650391e-01
6.694563627243041992e-01
